6   7   29
17   19   54
21   3   31
24   18   4
2   16   56
12   1   73
6   15   67
0   7   17
8   11   46
15   22   59
0   15   58
0   18   9
10   21   34
14   19   47
9   18   48
23   21   57
19   1   18
14   23   48
0   21   62
15   6   20
16   2   56
23   12   70
6   21   16
13   8   14
8   16   65
5   5   46
25   12   20
5   16   13
15   12   59
21   5   10
24   23   51
15   8   58
16   17   3
21   24   69
3   9   19
8   9   50
2   5   36
25   7   16
25   25   60
7   18   32
4   13   50
15   20   26
14   11   33
16   17   25
21   7   21
22   17   19
7   24   30
23   13   49
2   11   2
23   9   10
9   12   44
16   10   0
15   15   37
23   0   48
7   6   47
6   23   1
12   8   15
16   15   7
13   12   30
22   13   35
17   13   51
18   23   73
24   8   38
21   1   39
16   11   24
21   22   52
16   8   21
14   23   12
25   12   55
5   20   30
5   11   20
22   4   27
24   18   29
17   0   62
0   3   16
10   10   11
7   2   20
14   22   7
5   11   62
23   13   51
22   22   26
14   19   36
23   2   46
13   4   11
2   18   29
7   17   50
22   8   28
22   22   56
9   4   41
23   5   50
12   15   8
5   22   39
21   22   43
25   19   39
13   12   63
7   8   69
13   9   23
24   18   70
23   5   34
0   7   63
